  -1   -1   -1   -1   -1   -1   -1   -1   -1   26   -1   -1   -1   -1   -1   -1   -1   -1   -1   -1   -1 
  -1   17   18   19   20   21   22   23   24   25   -1   29   30   31   -1   49   50   51   -1   69   -1 
  -1   16   -1   -1   -1   -1   -1   -1   -1   26   -1   28   -1   32   -1   48   -1   52   -1   68   -1 
  -1   15   -1    1    0    1   -1   15   -1   27   -1   27   -1   33   -1   47   -1   53   -1   67   -1 
  -1   14   -1    2   -1    2   -1   14   -1   -1   -1   26   -1   34   -1   46   -1   54   -1   66   -1 
  -1   13   -1    3   -1    3   -1   13   14   15   -1   25   -1   35   -1   45   -1   55   -1   65   -1 
  -1   12   -1    4   -1    4   -1   12   -1   16   -1   24   -1   36   -1   44   -1   56   -1   64   -1 
  -1   11   -1    5   -1    5   -1   11   -1   17   -1   23   -1   37   -1   43   -1   57   -1   63   -1 
  -1   10   -1    6   -1    6   -1   10   -1   18   -1   22   -1   38   -1   42   -1   58   -1   62   -1 
  -1    9    8    7   -1    7    8    9   -1   19   20   21   -1   39   40   41   -1   59   60   61   -1 
  -1   -1   -1   -1   -1   -1   -1   -1   -1   -1   -1   -1   -1   -1   -1   -1   -1   -1   -1   -1   -1 
